2965	39.34375	-120.34375	37.35660171509	22.14742649150
2966	39.34375	-120.40625	37.35689926147	37.35689199950
2967	39.34375	-120.46875	37.35729980469	37.35726580610
2968	39.34375	-120.53125	37.35770034790	37.35769256680
2969	39.34375	-120.59375	37.35820007324	34.80236631770
2970	39.34375	-120.65625	37.35869979858	35.97089548060
2971	39.34375	-120.71875	37.35929870605	32.84664257360
2972	39.34375	-120.78125	37.35990142822	37.27179477820
2973	39.34375	-120.84375	37.36059951782	37.36062899470
2974	39.34375	-120.90625	37.36140060425	37.36137753170
2975	39.34375	-120.96875	37.36220169067	37.36217803130
2976	39.34375	-121.03125	37.36299896240	37.36303263690
2977	39.34375	-121.09375	37.36389923096	37.36393989530
2978	39.34375	-121.15625	37.36489868164	37.36490128410
2979	39.34375	-121.21875	37.36589813232	30.97287404080
2980	39.34375	-121.28125	37.36700057983	2.78405003643
3025	39.40625	-120.34375	37.32369995117	5.61171940064
3026	39.40625	-120.40625	37.32400131226	30.33958518130
3027	39.40625	-120.46875	37.32440185547	34.50079055270
3028	39.40625	-120.53125	37.32479858398	37.32479724250
3029	39.40625	-120.59375	37.32529830933	37.32527611380
3030	39.40625	-120.65625	37.32580184937	37.32580870400
3031	39.40625	-120.71875	37.32640075684	37.32639465360
3032	39.40625	-120.78125	37.32699966431	37.32703337120
3033	39.40625	-120.84375	37.32770156860	37.32772553270
3034	39.40625	-120.90625	37.32849884033	37.32847108690
3035	39.40625	-120.96875	37.32929992676	37.32926976040
3036	39.40625	-121.03125	37.33010101318	37.33012198780
3037	39.40625	-121.09375	37.33100128174	37.33102615960
3038	39.40625	-121.15625	37.33200073242	37.33198608500
3039	39.40625	-121.21875	37.33300018311	10.99711549470
3086	39.46875	-120.40625	37.29109954834	0.08873452786
3087	39.46875	-120.46875	37.29140090942	29.54409887190
3088	39.46875	-120.53125	37.29190063477	37.29185645940
3089	39.46875	-120.59375	37.29230117798	37.29233425450
3090	39.46875	-120.65625	37.29290008545	37.29286493780
3091	39.46875	-120.71875	37.29339981079	37.29344911870
3092	39.46875	-120.78125	37.29410171509	37.29408638500
3093	39.46875	-120.84375	37.29479980469	37.29477715530
3094	39.46875	-120.90625	37.29550170898	37.29551979330
3095	39.46875	-120.96875	37.29629898071	37.29631657220
3096	39.46875	-121.03125	37.29719924927	37.29716777000
3097	39.46875	-121.09375	37.29809951782	37.29806926300
3098	39.46875	-121.15625	37.29899978638	37.29902542730
3099	39.46875	-121.21875	37.29999923706	11.78211754500
3146	39.53125	-120.40625	37.25809860229	0.71717788984
3147	39.53125	-120.46875	37.25839996338	32.41324839460
3148	39.53125	-120.53125	37.25889968872	37.25887013810
3149	39.53125	-120.59375	37.25930023193	37.25934701370
3150	39.53125	-120.65625	37.25989913940	37.25987605720
3151	39.53125	-120.71875	37.26050186157	37.26045893020
3152	39.53125	-120.78125	37.26110076904	37.26109509410
3153	39.53125	-120.84375	37.26179885864	37.26178358790
3154	39.53125	-120.90625	37.26250076294	37.26252454240
3155	39.53125	-120.96875	37.26330184937	37.26331873460
3156	39.53125	-121.03125	37.26419830322	37.26416666870
3157	39.53125	-121.09375	37.26509857178	36.99589473060
3158	39.53125	-121.15625	37.26599884033	20.12274085950
3159	39.53125	-121.21875	37.26699829102	3.27182746589
3210	39.59375	-120.46875	37.22539901733	9.94540764652
3211	39.59375	-120.53125	37.22579956055	37.22583905140
3212	39.59375	-120.59375	37.22629928589	37.22631458230
3213	39.59375	-120.65625	37.22679901123	37.22684233560
3214	39.59375	-120.71875	37.22740173340	37.22742316720
3215	39.59375	-120.78125	37.22809982300	37.22805691670
3216	39.59375	-120.84375	37.22869873047	37.22874429170
3217	39.59375	-120.90625	37.22949981689	37.22948364820
3218	39.59375	-120.96875	37.23030090332	37.23027531990
3219	39.59375	-121.03125	37.23109817505	37.22673017680
3220	39.59375	-121.09375	37.23199844360	12.23289492580
3273	39.65625	-120.46875	37.19229888916	1.44768822098
3274	39.65625	-120.53125	37.19279861450	19.62626238650
3275	39.65625	-120.59375	37.19319915771	33.71508953500
3276	39.65625	-120.65625	37.19380187988	24.13020480080
3277	39.65625	-120.71875	37.19430160522	37.11583154620
3278	39.65625	-120.78125	37.19499969482	37.19497470170
3279	39.65625	-120.84375	37.19570159912	37.19566006320
3280	39.65625	-120.90625	37.19639968872	37.19639781570
3281	39.65625	-120.96875	37.19720077515	37.19718759520
3282	39.65625	-121.03125	37.19800186157	16.20210049050
3339	39.71875	-120.59375	37.16009902954	0.10245867435
3341	39.71875	-120.71875	37.16120147705	9.22583247153
3342	39.71875	-120.78125	37.16180038452	17.37699893620
3343	39.71875	-120.84375	37.16249847412	35.74614137330
3344	39.71875	-120.90625	37.16329956055	36.03215153110
3345	39.71875	-120.96875	37.16410064697	11.68088921620
3346	39.71875	-121.03125	37.16490173340	1.02423411884
3407	39.78125	-120.84375	37.12939834595	5.01291340945
3408	39.78125	-120.90625	37.13010025024	5.13872450449
3768	39.15625	-121.09375	37.46239852905	2.62834079477
3769	39.15625	-121.15625	37.46340179443	9.60827291359
3770	39.15625	-121.21875	37.46440124512	1.33912278685
3826	39.21875	-120.96875	37.42789840698	3.71946944756
3827	39.21875	-121.03125	37.42869949341	6.72643965838
3828	39.21875	-121.09375	37.42959976196	26.29595971150
3829	39.21875	-121.15625	37.43059921265	37.43059539730
3830	39.21875	-121.21875	37.43159866333	32.19260937830
3831	39.21875	-121.28125	37.43270111084	8.22210455066
3876	39.28125	-120.34375	37.38940048218	8.26212189496
3877	39.28125	-120.40625	37.38970184326	6.17902717811
3878	39.28125	-120.46875	37.39009857178	13.69539160990
3879	39.28125	-120.53125	37.39049911499	12.11054623230
3880	39.28125	-120.59375	37.39099884033	0.75314517027
3881	39.28125	-120.65625	37.39160156250	0.83853037943
3883	39.28125	-120.78125	37.39279937744	9.12267169930
3884	39.28125	-120.84375	37.39350128174	13.34764521130
3885	39.28125	-120.90625	37.39419937134	24.78948187550
3886	39.28125	-120.96875	37.39500045776	36.90659759640
3887	39.28125	-121.03125	37.39590072632	37.39589682540
3888	39.28125	-121.09375	37.39680099487	37.39680710170
3889	39.28125	-121.15625	37.39780044556	37.39777111120
3890	39.28125	-121.21875	37.39879989624	37.39878807260
3891	39.28125	-121.28125	37.39989852905	21.99185755270
