2005	40.28125	-121.59375	36.87429809570	1.66778999068
2075	40.34375	-121.53125	36.83950042725	8.96355534032
2076	40.34375	-121.59375	36.84069824219	33.43297428290
2077	40.34375	-121.65625	36.84209823608	25.72723947430
2078	40.34375	-121.71875	36.84339904785	17.41965397020
2079	40.34375	-121.78125	36.84489822388	13.38306576760
2080	40.34375	-121.84375	36.84640121460	16.66810966580
2081	40.34375	-121.90625	36.84790039062	19.05717959720
2082	40.34375	-121.96875	36.84949874878	9.68944758906
2083	40.34375	-122.03125	36.85110092163	0.55406293134
2147	40.40625	-121.53125	36.80580139160	14.68138182450
2148	40.40625	-121.59375	36.80709838867	36.80708233920
2149	40.40625	-121.65625	36.80839920044	36.80840824930
2150	40.40625	-121.71875	36.80979919434	36.80978538580
2151	40.40625	-121.78125	36.81119918823	36.81121222250
2152	40.40625	-121.84375	36.81269836426	36.81269094280
2153	40.40625	-121.90625	36.81420135498	36.81422099640
2154	40.40625	-121.96875	36.81579971313	36.81580215380
2155	40.40625	-122.03125	36.81740188599	32.97072147930
2156	40.40625	-122.09375	36.81909942627	21.55373049830
2157	40.40625	-122.15625	36.82089996338	3.20671470129
2219	40.46875	-121.53125	36.77209854126	17.50131741420
2220	40.46875	-121.59375	36.77339935303	36.77338323510
2221	40.46875	-121.65625	36.77470016479	36.77470479070
2222	40.46875	-121.71875	36.77610015869	36.77607855290
2223	40.46875	-121.78125	36.77750015259	36.77750149650
2224	40.46875	-121.84375	36.77899932861	35.95379989430
2225	40.46875	-121.90625	36.78049850464	25.44196168460
2226	40.46875	-121.96875	36.78210067749	17.30119512900
2227	40.46875	-122.03125	36.78369903564	1.96164034373
2289	40.53125	-121.53125	36.73839950562	18.18405063320
2290	40.53125	-121.59375	36.73960113525	36.40553677300
2291	40.53125	-121.65625	36.74100112915	36.74095766980
2292	40.53125	-121.71875	36.74229812622	34.46580099650
2293	40.53125	-121.78125	36.74369812012	18.20141476670
2294	40.53125	-121.84375	36.74520111084	7.21672441378
2359	40.59375	-121.59375	36.70589828491	7.94369744915
2360	40.59375	-121.65625	36.70719909668	34.71297753290
2361	40.59375	-121.71875	36.70849990845	13.50100868210
2429	40.65625	-121.65625	36.67330169678	4.06075842237
