1713	40.90625	-121.28125	36.53	36.53
1896	41.09375	-120.28125	36.42	36.42
1269	41.40625	-121.78125	36.27	36.27
2287	40.53125	-121.40625	36.74	36.74
1932	41.09375	-122.53125	36.46	7.0
1647	40.84375	-121.40625	36.57	36.57
1258	41.40625	-121.09375	36.25	36.25
1265	41.40625	-121.53125	36.26	36.26
1393	41.53125	-121.28125	36.19	36.15
1771	40.96875	-120.78125	36.49	25.75
1131	41.28125	-121.40625	36.33	36.33
2286	40.53125	-121.34375	36.73	36.73
594	41.71875	-120.46875	36.08	36.08
1205	41.34375	-121.90625	36.30	36.3
1201	41.34375	-121.65625	36.30	36.3
1055	41.21875	-120.90625	36.35	36.35
1853	41.03125	-121.78125	36.47	36.47
1898	41.09375	-120.40625	36.42	35.33
523	41.65625	-120.28125	36.11	13.19
1727	40.90625	-122.15625	36.55	36.55
667	41.78125	-120.71875	36.04	0.34
1052	41.21875	-120.71875	36.35	36.35
1274	41.40625	-122.09375	36.27	36.26
1505	40.71875	-121.15625	36.63	36.63
1145	41.28125	-122.28125	36.35	36.35
981	41.15625	-120.53125	36.39	36.39
1402	41.53125	-121.84375	36.20	13.92
1725	40.90625	-122.03125	36.55	36.55
990	41.15625	-121.09375	36.39	36.39
1909	41.09375	-121.09375	36.43	36.43
1385	41.53125	-120.78125	36.18	36.18
2216	40.46875	-121.34375	36.77	18.3
1828	41.03125	-120.21875	36.45	10.73
1524	40.71875	-122.34375	36.66	7.2
999	41.15625	-121.65625	36.40	36.4
1397	41.53125	-121.53125	36.19	36.19
1248	41.40625	-120.46875	36.25	36.25
1452	41.59375	-120.78125	36.15	35.91
1202	41.34375	-121.71875	36.30	36.3
1835	41.03125	-120.65625	36.45	36.45
1403	41.53125	-121.90625	36.20	1.81
1195	41.34375	-121.28125	36.29	36.29
1709	40.90625	-121.03125	36.53	36.53
1655	40.84375	-121.90625	36.58	36.58
1781	40.96875	-121.40625	36.50	36.5
1661	40.84375	-122.28125	36.59	36.59
1658	40.84375	-122.09375	36.58	36.58
1147	41.28125	-122.40625	36.35	36.35
735	41.84375	-120.53125	36.01	35.550000000000004
1573	40.78125	-121.03125	36.59	36.59
1511	40.71875	-121.53125	36.64	36.64
1259	41.40625	-121.15625	36.26	36.26
1008	41.15625	-122.21875	36.41	36.41
1005	41.15625	-122.03125	36.41	36.41
1058	41.21875	-121.09375	36.36	36.36
1331	41.46875	-121.53125	36.23	36.23
1133	41.28125	-121.53125	36.33	36.33
1310	41.46875	-120.21875	36.21	3.06
1829	41.03125	-120.28125	36.45	13.85
1513	40.71875	-121.65625	36.64	36.64
2419	40.65625	-121.03125	36.66	0.53
2428	40.65625	-121.59375	36.67	36.67
1264	41.40625	-121.46875	36.26	36.26
985	41.15625	-120.78125	36.39	36.39
1462	41.59375	-121.40625	36.16	21.86
986	41.15625	-120.84375	36.39	36.39
2289	40.53125	-121.53125	36.73839950562	36.7340506332
1512	40.71875	-121.59375	36.64	36.64
1320	41.46875	-120.84375	36.22	36.22
1120	41.28125	-120.71875	36.32	36.32
1183	41.34375	-120.53125	36.28	36.28
2424	40.65625	-121.34375	36.67	36.67
1324	41.46875	-121.09375	36.22	36.22
1924	41.09375	-122.03125	36.44	36.44
1127	41.28125	-121.15625	36.32	36.32
1189	41.34375	-120.90625	36.29	36.29
1850	41.03125	-121.59375	36.47	36.47
1865	41.03125	-122.53125	36.49259948730	17.12990044487
1785	40.96875	-121.65625	36.50	36.5
1064	41.21875	-121.46875	36.36	36.36
1383	41.53125	-120.65625	36.18	36.18
1388	41.53125	-120.96875	36.18	36.18
2426	40.65625	-121.46875	36.67	36.67
1328	41.46875	-121.34375	36.22	36.22
1079	41.21875	-122.40625	36.39	36.39
1200	41.34375	-121.59375	36.30	36.3
1123	41.28125	-120.90625	36.32	36.32
2420	40.65625	-121.09375	36.66	23.66
1776	40.96875	-121.09375	36.49	36.49
1276	41.40625	-122.21875	36.28	18.21
1798	40.96875	-122.46875	36.52	36.52
1787	40.96875	-121.78125	36.51	36.51
2354	40.59375	-121.28125	36.70	36.7
1130	41.28125	-121.34375	36.33	36.33
980	41.15625	-120.46875	36.39	36.39
1065	41.21875	-121.53125	36.36	36.36
2430	40.65625	-121.71875	36.67470169067	36.670891688400005
1003	41.15625	-121.90625	36.41	36.41
1188	41.34375	-120.84375	36.29	36.29
593	41.71875	-120.40625	36.08	36.08
1930	41.09375	-122.40625	36.45	36.45
595	41.71875	-120.53125	36.08	36.08
1917	41.09375	-121.59375	36.43	36.43
2422	40.65625	-121.21875	36.67	36.67
1595	40.78125	-122.40625	36.63	36.63
1400	41.53125	-121.71875	36.20	35.24
2285	40.53125	-121.28125	36.73	36.68
1861	41.03125	-122.28125	36.49	36.49
2214	40.46875	-121.21875	36.77	3.41
1777	40.96875	-121.15625	36.49	36.49
1181	41.34375	-120.40625	36.28	36.28
2352	40.59375	-121.15625	36.70	27.17
1142	41.28125	-122.09375	36.34	36.34
1140	41.28125	-121.96875	36.34	36.34
1916	41.09375	-121.53125	36.43	36.43
1643	40.84375	-121.15625	36.56	36.56
2217	40.46875	-121.40625	36.77	4.4
1652	40.84375	-121.71875	36.57	36.57
1503	40.71875	-121.03125	36.63	5.19
1275	41.40625	-122.15625	36.28	29.35
1050	41.21875	-120.59375	36.35	36.35
539	41.65625	-121.28125	36.12	0.63
2288	40.53125	-121.46875	36.74	36.74
1187	41.34375	-120.78125	36.28	36.28
1965	41.15625	-120.34375	36.38	36.38
1733	40.90625	-122.53125	36.56090164185	36.56090164185
1589	40.78125	-122.03125	36.61439895630	36.612858874
2360	40.59375	-121.65625	36.70719909668	36.70555581323
2423	40.65625	-121.28125	36.67	36.67
1720	40.90625	-121.71875	36.54	36.54
1902	41.09375	-120.65625	36.42	36.42
1141	41.28125	-122.03125	36.34	36.34
1203	41.34375	-121.78125	36.30	36.3
979	41.15625	-120.40625	36.38	36.38
1644	40.84375	-121.21875	36.56	36.56
1267	41.40625	-121.65625	36.26	36.26
1214	41.34375	-122.46875	36.32	7.46
1129	41.28125	-121.28125	36.33	36.33
1063	41.21875	-121.40625	36.36	36.36
1522	40.71875	-122.21875	36.65349960327	22.54615655322
1463	41.59375	-121.46875	36.16	9.31
1526	40.71875	-122.46875	36.66	17.58
1134	41.28125	-121.59375	36.33	36.33
1962	41.15625	-120.15625	36.38	18.58
1266	41.40625	-121.59375	36.26	36.26
1390	41.53125	-121.09375	36.19	14.58
1011	41.15625	-122.40625	36.42	36.42
1199	41.34375	-121.53125	36.30	36.3
1797	40.96875	-122.40625	36.52	36.52
1788	40.96875	-121.84375	36.51	36.51
1461	41.59375	-121.34375	36.15	22.24
1136	41.28125	-121.71875	36.33	36.33
1325	41.46875	-121.15625	36.22	36.22
1460	41.59375	-121.28125	36.15	19.89
597	41.71875	-120.65625	36.08	36.08
1852	41.03125	-121.71875	36.47	36.47
1184	41.34375	-120.59375	36.28	36.28
1045	41.21875	-120.28125	36.35	36.35
1261	41.40625	-121.28125	36.26	36.26
1860	41.03125	-122.21875	36.48	36.48
1903	41.09375	-120.71875	36.42	36.42
1135	41.28125	-121.65625	36.33	36.33
1858	41.03125	-122.09375	36.48	36.48
1577	40.78125	-121.28125	36.60	36.6
1447	41.59375	-120.46875	36.14	36.14
1663	40.84375	-122.40625	36.59	36.59
1712	40.90625	-121.21875	36.53	36.53
1654	40.84375	-121.84375	36.58	36.58
1146	41.28125	-122.34375	36.35	36.35
1719	40.90625	-121.65625	36.54	36.54
1851	41.03125	-121.65625	36.47	36.47
1646	40.84375	-121.34375	36.57	36.57
1273	41.40625	-122.03125	36.27	36.27
526	41.65625	-120.46875	36.11	36.11
1506	40.71875	-121.21875	36.63	36.63
1186	41.34375	-120.71875	36.28	36.28
1056	41.21875	-120.96875	36.36	36.36
599	41.71875	-120.78125	36.08	6.5
1245	41.40625	-120.28125	36.25	36.25
1715	40.90625	-121.40625	36.53	36.53
1278	41.40625	-122.34375	36.28	1.59
1914	41.09375	-121.40625	36.43	36.43
1072	41.21875	-121.96875	36.37	36.37
1650	40.84375	-121.59375	36.57	36.57
1836	41.03125	-120.71875	36.46	36.46
1326	41.46875	-121.21875	36.22	36.22
983	41.15625	-120.65625	36.39	36.39
1392	41.53125	-121.21875	36.19	22.1
1789	40.96875	-121.90625	36.51	36.51
1249	41.40625	-120.53125	36.25	36.25
1515	40.71875	-121.78125	36.64220046997	36.64220046997
1061	41.21875	-121.28125	36.36	36.36
1180	41.34375	-120.34375	36.28	36.28
664	41.78125	-120.53125	36.04	36.04
992	41.15625	-121.21875	36.39	36.39
1121	41.28125	-120.78125	36.32	36.32
1268	41.40625	-121.71875	36.27	36.27
1662	40.84375	-122.34375	36.59	36.59
1213	41.34375	-122.40625	36.32	29.33
1117	41.28125	-120.53125	36.32	36.32
1450	41.59375	-120.65625	36.15	36.15
2218	40.46875	-121.46875	36.77	15.03
1391	41.53125	-121.15625	36.19	6.09
1081	41.21875	-122.53125	36.39	7.18
1769	40.96875	-120.65625	36.49	20.49
1578	40.78125	-121.34375	36.60	36.6
1514	40.71875	-121.71875	36.64080047607	36.63778766222
1931	41.09375	-122.46875	36.46	22.02
1901	41.09375	-120.59375	36.42	34.46
1855	41.03125	-121.90625	36.47	36.47
736	41.84375	-120.59375	36.01	13.62
1837	41.03125	-120.78125	36.46	36.46
1834	41.03125	-120.59375	36.45	24.98
1575	40.78125	-121.15625	36.60	36.6
1584	40.78125	-121.71875	36.61	36.61
530	41.65625	-120.71875	36.11	36.11
1523	40.71875	-122.28125	36.66	6.92
1124	41.28125	-120.96875	36.32	36.32
1660	40.84375	-122.21875	36.59	36.59
1313	41.46875	-120.40625	36.21	36.21
1521	40.71875	-122.15625	36.65169906616	36.6469849388
1724	40.90625	-121.96875	36.54	36.54
1509	40.71875	-121.40625	36.63	36.63
1445	41.59375	-120.34375	36.14	36.14
1640	40.84375	-120.96875	36.56	36.56
1918	41.09375	-121.65625	36.44	36.44
1465	41.59375	-121.59375	36.16	32.39
1899	41.09375	-120.46875	36.42	19.39
1251	41.40625	-120.65625	36.25	36.25
1849	41.03125	-121.53125	36.47	36.47
1444	41.59375	-120.28125	36.14	25.54
1793	40.96875	-122.15625	36.52	36.52
1182	41.34375	-120.46875	36.28	36.28
1729	40.90625	-122.28125	36.55	36.55
1665	40.84375	-122.53125	36.59500122070	36.5950012207
1076	41.21875	-122.21875	36.38	36.38
1927	41.09375	-122.21875	36.45	36.45
1843	41.03125	-121.15625	36.46	36.46
1067	41.21875	-121.65625	36.37	36.37
1395	41.53125	-121.40625	36.19	36.19
1722	40.90625	-121.84375	36.54	36.54
1114	41.28125	-120.34375	36.32	36.32
1770	40.96875	-120.71875	36.49	21.82
1314	41.46875	-120.46875	36.21	36.21
1653	40.84375	-121.78125	36.57	36.57
1329	41.46875	-121.40625	36.22	36.22
1588	40.78125	-121.96875	36.61280059814	36.6124660034
1260	41.40625	-121.21875	36.26	36.26
1894	41.09375	-120.15625	36.42	3.53
1208	41.34375	-122.09375	36.31	36.31
1723	40.90625	-121.90625	36.54	36.54
1378	41.53125	-120.34375	36.18	36.18
1190	41.34375	-120.96875	36.29	36.29
1446	41.59375	-120.40625	36.14	36.14
1897	41.09375	-120.34375	36.42	36.42
1004	41.15625	-121.96875	36.41	36.41
1049	41.21875	-120.53125	36.35	36.35
2283	40.53125	-121.15625	36.73	0.05
1842	41.03125	-121.09375	36.46	36.46
1778	40.96875	-121.21875	36.50	36.5
1900	41.09375	-120.53125	36.42	24.22
1197	41.34375	-121.40625	36.29	36.29
1716	40.90625	-121.46875	36.53	36.53
1854	41.03125	-121.84375	36.47	36.47
1126	41.28125	-121.09375	36.32	36.32
527	41.65625	-120.53125	36.11	36.11
1012	41.15625	-122.46875	36.42	13.45
1585	40.78125	-121.78125	36.60829925537	36.60829925537
2356	40.59375	-121.40625	36.70	36.7
1799	40.96875	-122.53125	36.52679824829	36.342037072400004
2284	40.53125	-121.21875	36.73	8.1
1906	41.09375	-120.90625	36.42	36.42
1279	41.40625	-122.40625	36.28	1.59
1271	41.40625	-121.90625	36.27	36.27
1113	41.28125	-120.28125	36.32	36.32
1250	41.40625	-120.59375	36.25	36.25
1911	41.09375	-121.21875	36.43	36.43
1386	41.53125	-120.84375	36.18	33.04
1796	40.96875	-122.34375	36.52	36.52
1504	40.71875	-121.09375	36.63	9.99
1929	41.09375	-122.34375	36.45	36.45
1139	41.28125	-121.90625	36.34	36.34
1593	40.78125	-122.28125	36.62	36.5
1053	41.21875	-120.78125	36.35	36.35
531	41.65625	-120.78125	36.11	35.64
1520	40.71875	-122.09375	36.65000152588	36.6460595502
1784	40.96875	-121.59375	36.50	36.5
1659	40.84375	-122.15625	36.58	36.58
1001	41.15625	-121.78125	36.40	36.4
1783	40.96875	-121.53125	36.50	36.5
1125	41.28125	-121.03125	36.32	36.32
1772	40.96875	-120.84375	36.49	36.1
1790	40.96875	-121.96875	36.51	36.51
1904	41.09375	-120.78125	36.42	36.42
665	41.78125	-120.59375	36.04	32.18
1198	41.34375	-121.46875	36.29	36.29
1000	41.15625	-121.71875	36.40	36.4
1144	41.28125	-122.21875	36.35	36.35
1148	41.28125	-122.46875	36.35	36.21
1116	41.28125	-120.46875	36.32	36.32
1502	40.71875	-120.96875	36.63	3.49
1399	41.53125	-121.65625	36.19	36.19
1118	41.28125	-120.59375	36.32	36.32
1277	41.40625	-122.28125	36.28	8.3
1330	41.46875	-121.46875	36.23	36.23
1057	41.21875	-121.03125	36.36	36.36
1074	41.21875	-122.09375	36.38	36.38
1782	40.96875	-121.46875	36.50	36.5
1062	41.21875	-121.34375	36.36	36.36
524	41.65625	-120.34375	36.11	36.11
1455	41.59375	-120.96875	36.15	19.72
1128	41.28125	-121.21875	36.32	36.32
1178	41.34375	-120.21875	36.28	24.94
1711	40.90625	-121.15625	36.53	36.53
1774	40.96875	-120.96875	36.49	36.49
1928	41.09375	-122.28125	36.45	36.45
1705	40.90625	-120.78125	36.52	0.01
2427	40.65625	-121.53125	36.67	36.67
1047	41.21875	-120.40625	36.35	36.35
1857	41.03125	-122.03125	36.48	36.48
1795	40.96875	-122.28125	36.52	36.52
1080	41.21875	-122.46875	36.39	36.1
1905	41.09375	-120.84375	36.42	36.42
1926	41.09375	-122.15625	36.45	36.45
1210	41.34375	-122.21875	36.31	36.31
1656	40.84375	-121.96875	36.58	36.58
1507	40.71875	-121.28125	36.63	36.63
1792	40.96875	-122.09375	36.51	36.51
1841	41.03125	-121.03125	36.46	36.46
2219	40.46875	-121.53125	36.77209854126	18.741317414199997
1451	41.59375	-120.71875	36.15	36.15
1732	40.90625	-122.46875	36.56	36.56
1122	41.28125	-120.84375	36.32	36.32
1311	41.46875	-120.28125	36.21	34.39
1922	41.09375	-121.90625	36.44	36.44
1449	41.59375	-120.59375	36.15	36.15
2421	40.65625	-121.15625	36.66	36.66
1119	41.28125	-120.65625	36.32	36.32
1337	41.46875	-121.90625	36.24	28.41
1594	40.78125	-122.34375	36.62	36.62
996	41.15625	-121.46875	36.40	36.4
1830	41.03125	-120.34375	36.45	20.02
1059	41.21875	-121.15625	36.36	36.36
1863	41.03125	-122.40625	36.49	36.49
1043	41.21875	-120.15625	36.35	24.76
1111	41.28125	-120.15625	36.32	0.69
1002	41.15625	-121.84375	36.41	36.41
1211	41.34375	-122.28125	36.31	36.31
1319	41.46875	-120.78125	36.22	36.22
1204	41.34375	-121.84375	36.30	36.3
1510	40.71875	-121.46875	36.64	36.64
1848	41.03125	-121.46875	36.47	36.47
1075	41.21875	-122.15625	36.38	36.38
1571	40.78125	-120.90625	36.59	13.35
1316	41.46875	-120.59375	36.21	36.21
1255	41.40625	-120.90625	36.25	36.25
1587	40.78125	-121.90625	36.61119842529	36.61119842529
1657	40.84375	-122.03125	36.58	36.58
2215	40.46875	-121.28125	36.77	19.94
1272	41.40625	-121.96875	36.27	36.27
1596	40.78125	-122.46875	36.63	36.63
1718	40.90625	-121.59375	36.54	36.54
1246	41.40625	-120.34375	36.25	36.25
2429	40.65625	-121.65625	36.67330169678	36.67330169678
1920	41.09375	-121.78125	36.44	36.44
1389	41.53125	-121.03125	36.18	27.79
1456	41.59375	-121.03125	36.15	6.41
1576	40.78125	-121.21875	36.60	36.6
1773	40.96875	-120.90625	36.49	36.49
1913	41.09375	-121.34375	36.43	36.43
1925	41.09375	-122.09375	36.45	36.45
598	41.71875	-120.71875	36.08	30.95
1582	40.78125	-121.59375	36.60	36.6
1066	41.21875	-121.59375	36.37	36.37
1384	41.53125	-120.71875	36.18	36.18
1847	41.03125	-121.40625	36.46	36.46
1143	41.28125	-122.15625	36.34	36.34
984	41.15625	-120.71875	36.39	36.39
1048	41.21875	-120.46875	36.35	36.35
1073	41.21875	-122.03125	36.38	36.38
1051	41.21875	-120.65625	36.35	36.35
1910	41.09375	-121.15625	36.43	36.43
1339	41.46875	-122.03125	36.24	13.72
1007	41.15625	-122.15625	36.41	36.41
1078	41.21875	-122.34375	36.38	36.38
1856	41.03125	-121.96875	36.48	36.48
1840	41.03125	-120.96875	36.46	36.46
1149	41.28125	-122.53125	36.36	4.79
1730	40.90625	-122.34375	36.56	36.56
1137	41.28125	-121.78125	36.34	36.34
1664	40.84375	-122.46875	36.59	36.59
1069	41.21875	-121.78125	36.37	36.37
1794	40.96875	-122.21875	36.52	36.52
987	41.15625	-120.90625	36.39	36.39
1191	41.34375	-121.03125	36.29	36.29
1379	41.53125	-120.40625	36.18	36.18
1401	41.53125	-121.78125	36.20	26.83
2351	40.59375	-121.09375	36.70	14.22
1779	40.96875	-121.28125	36.50	36.5
1338	41.46875	-121.96875	36.24	17.67
1579	40.78125	-121.40625	36.60	36.6
1574	40.78125	-121.09375	36.60	36.42
1831	41.03125	-120.40625	36.45	8.82
1845	41.03125	-121.28125	36.46	36.46
1212	41.34375	-122.34375	36.32	35.31
1638	40.84375	-120.84375	36.56	16.1
1775	40.96875	-121.03125	36.49	36.49
1010	41.15625	-122.34375	36.42	36.42
1895	41.09375	-120.21875	36.42	31.76
2290	40.53125	-121.59375	36.73960113525	36.735536773
1077	41.21875	-122.28125	36.38	36.38
1645	40.84375	-121.28125	36.56	36.56
532	41.65625	-120.84375	36.11	2.11
1317	41.46875	-120.65625	36.22	36.22
1791	40.96875	-122.03125	36.51	36.51
1464	41.59375	-121.53125	36.16	21.69
2357	40.59375	-121.46875	36.70	36.7
1919	41.09375	-121.71875	36.44	36.44
1256	41.40625	-120.96875	36.25	36.25
1591	40.78125	-122.15625	36.62	36.62
1333	41.46875	-121.65625	36.23	36.23
1731	40.90625	-122.40625	36.56	36.56
1193	41.34375	-121.15625	36.29	36.29
1247	41.40625	-120.40625	36.25	36.25
1964	41.15625	-120.28125	36.38	36.38
1592	40.78125	-122.21875	36.62	36.62
1862	41.03125	-122.34375	36.49	36.49
995	41.15625	-121.40625	36.40	36.4
1206	41.34375	-121.96875	36.31	36.31
1068	41.21875	-121.71875	36.37	36.37
525	41.65625	-120.40625	36.11	36.11
1649	40.84375	-121.53125	36.57	36.57
592	41.71875	-120.34375	36.08	36.08
1580	40.78125	-121.46875	36.60	36.6
1112	41.28125	-120.21875	36.32	31.92
1768	40.96875	-120.59375	36.49	3.0
998	41.15625	-121.59375	36.40	36.4
596	41.71875	-120.59375	36.08	36.08
1044	41.21875	-120.21875	36.35	36.35
1839	41.03125	-120.90625	36.46	36.46
1327	41.46875	-121.28125	36.22	36.22
1710	40.90625	-121.09375	36.53	36.53
997	41.15625	-121.53125	36.40	36.4
1726	40.90625	-122.09375	36.55	36.55
1185	41.34375	-120.65625	36.28	36.28
1448	41.59375	-120.53125	36.15	36.15
1323	41.46875	-121.03125	36.22	36.22
993	41.15625	-121.28125	36.39	36.39
1009	41.15625	-122.28125	36.42	36.42
1923	41.09375	-121.96875	36.44	36.44
1244	41.40625	-120.21875	36.25	14.67
2353	40.59375	-121.21875	36.70	36.1
1046	41.21875	-120.34375	36.35	36.35
1396	41.53125	-121.46875	36.19	36.19
1597	40.78125	-122.53125	36.62900161743	36.6240831818
1907	41.09375	-120.96875	36.42	36.42
1525	40.71875	-122.40625	36.66	19.19
1708	40.90625	-120.96875	36.53	36.53
1648	40.84375	-121.46875	36.57	36.57
1586	40.78125	-121.84375	36.60969924927	36.60969924927
1115	41.28125	-120.40625	36.32	36.32
1838	41.03125	-120.84375	36.46	36.46
1377	41.53125	-120.28125	36.18	18.18
1322	41.46875	-120.96875	36.22	36.22
1070	41.21875	-121.84375	36.37	36.37
1321	41.46875	-120.90625	36.22	36.22
2350	40.59375	-121.03125	36.70	0.89
1387	41.53125	-120.90625	36.18	24.35
1714	40.90625	-121.34375	36.53	36.53
1707	40.90625	-120.90625	36.53	36.53
2359	40.59375	-121.59375	36.70589828491	36.70369744915
1381	41.53125	-120.53125	36.18	36.18
1846	41.03125	-121.34375	36.46	36.46
1257	41.40625	-121.03125	36.25	36.25
982	41.15625	-120.59375	36.39	36.39
666	41.78125	-120.65625	36.04	7.53
1209	41.34375	-122.15625	36.31	36.31
1179	41.34375	-120.28125	36.28	36.28
1060	41.21875	-121.21875	36.36	36.36
1915	41.09375	-121.46875	36.43	36.43
1334	41.46875	-121.71875	36.23	36.23
1786	40.96875	-121.71875	36.50	36.5
1912	41.09375	-121.28125	36.43	36.43
1527	40.71875	-122.53125	36.66299819946	21.85299548464
1454	41.59375	-120.90625	36.15	9.47
529	41.65625	-120.65625	36.11	36.11
1864	41.03125	-122.46875	36.49	36.49
1312	41.46875	-120.34375	36.21	36.21
1921	41.09375	-121.84375	36.44	36.44
1254	41.40625	-120.84375	36.25	36.25
1398	41.53125	-121.59375	36.19	36.19
1252	41.40625	-120.71875	36.25	36.25
1263	41.40625	-121.40625	36.26	36.26
1253	41.40625	-120.78125	36.25	36.25
1138	41.28125	-121.84375	36.34	36.34
1583	40.78125	-121.65625	36.61	36.61
1728	40.90625	-122.21875	36.55	36.55
1508	40.71875	-121.34375	36.63	36.63
1651	40.84375	-121.65625	36.57	36.57
1006	41.15625	-122.09375	36.41	36.41
1717	40.90625	-121.53125	36.53	36.53
1859	41.03125	-122.15625	36.48	36.48
1192	41.34375	-121.09375	36.29	36.29
988	41.15625	-120.96875	36.39	36.39
1332	41.46875	-121.59375	36.23	36.23
1572	40.78125	-120.96875	36.59	36.04
1639	40.84375	-120.90625	36.56	36.37
1466	41.59375	-121.65625	36.16	13.36
991	41.15625	-121.15625	36.39	36.39
1642	40.84375	-121.09375	36.56	36.56
1382	41.53125	-120.59375	36.18	36.18
1453	41.59375	-120.84375	36.15	12.4
528	41.65625	-120.59375	36.11	36.11
591	41.71875	-120.28125	36.08	31.87
1721	40.90625	-121.78125	36.54	36.54
1340	41.46875	-122.09375	36.24	2.47
1590	40.78125	-122.09375	36.61610031128	36.61604797686
1207	41.34375	-122.03125	36.31	36.31
1380	41.53125	-120.46875	36.18	36.18
1706	40.90625	-120.84375	36.52	25.99
1194	41.34375	-121.21875	36.29	36.29
2425	40.65625	-121.40625	36.67	36.67
1780	40.96875	-121.34375	36.50	36.5
1335	41.46875	-121.78125	36.23	36.23
1132	41.28125	-121.46875	36.33	36.33
2358	40.59375	-121.53125	36.70	36.7
1071	41.21875	-121.90625	36.37	36.37
1908	41.09375	-121.03125	36.42	36.42
1318	41.46875	-120.71875	36.22	36.22
1196	41.34375	-121.34375	36.29	36.29
1581	40.78125	-121.53125	36.60	36.6
1844	41.03125	-121.21875	36.46	36.46
1394	41.53125	-121.34375	36.19	36.19
1270	41.40625	-121.84375	36.27	36.27
1054	41.21875	-120.84375	36.35	36.35
2355	40.59375	-121.34375	36.70	36.7
989	41.15625	-121.03125	36.39	36.39
1641	40.84375	-121.03125	36.56	36.56
1315	41.46875	-120.53125	36.21	36.21
1336	41.46875	-121.84375	36.23	36.23
994	41.15625	-121.34375	36.40	36.4
1963	41.15625	-120.21875	36.38	36.38
1262	41.40625	-121.34375	36.26	36.26
1467	41.59375	-121.71875	36.16	4.73
2	42.09375	-120.28125	35.87	34.07
3	42.09375	-120.34375	35.87	35.87
4	42.09375	-120.40625	35.87	35.87
5	42.09375	-120.46875	35.87	35.87
6	42.09375	-120.53125	35.87	35.87
7	42.09375	-120.59375	35.87	35.87
8	42.09375	-120.65625	35.87	35.87
9	42.09375	-120.71875	35.87	35.87
10	42.09375	-120.78125	35.87	35.87
11	42.09375	-120.84375	35.87	26.54
12	42.09375	-120.90625	35.87	23.1
13	42.09375	-120.96875	35.87	0.18
48	42.15625	-120.28125	35.83	21.48
49	42.15625	-120.34375	35.83	35.83
50	42.15625	-120.40625	35.83	35.83
51	42.15625	-120.46875	35.83	35.83
52	42.15625	-120.53125	35.83	35.83
53	42.15625	-120.59375	35.83	35.83
54	42.15625	-120.65625	35.83	35.83
55	42.15625	-120.71875	35.83	35.83
56	42.15625	-120.78125	35.84	35.84
57	42.15625	-120.84375	35.84	14.6
88	42.21875	-120.28125	35.80	2.69
89	42.21875	-120.34375	35.80	35.56
90	42.21875	-120.40625	35.80	35.8
91	42.21875	-120.46875	35.80	35.8
92	42.21875	-120.53125	35.80	35.8
93	42.21875	-120.59375	35.80	35.8
94	42.21875	-120.65625	35.80	35.8
95	42.21875	-120.71875	35.80	35.8
96	42.21875	-120.78125	35.80	35.8
97	42.21875	-120.84375	35.80	8.87
125	42.28125	-120.28125	35.76	7.61
126	42.28125	-120.34375	35.76	34.44
127	42.28125	-120.40625	35.76	35.76
128	42.28125	-120.46875	35.76	35.76
129	42.28125	-120.53125	35.76	35.76
130	42.28125	-120.59375	35.76	35.76
131	42.28125	-120.65625	35.76	35.76
132	42.28125	-120.71875	35.76	35.76
133	42.28125	-120.78125	35.77	35.77
134	42.28125	-120.84375	35.77	11.5
162	42.34375	-120.34375	35.73	20.1
163	42.34375	-120.40625	35.73	35.73
164	42.34375	-120.46875	35.73	35.73
165	42.34375	-120.53125	35.73	35.58
166	42.34375	-120.59375	35.73	32.82
167	42.34375	-120.65625	35.73	28.45
168	42.34375	-120.71875	35.73	3.77
169	42.34375	-120.78125	35.73	9.83
170	42.34375	-120.84375	35.73	4.97
194	42.40625	-120.34375	35.69	1.1
195	42.40625	-120.40625	35.69	15.74
196	42.40625	-120.46875	35.69	30.75
197	42.40625	-120.53125	35.69	9.89
590	41.71875	-120.21875	36.07	3.47
659	41.78125	-120.21875	36.04	24.5
660	41.78125	-120.28125	36.04	36.04
661	41.78125	-120.34375	36.04	36.04
662	41.78125	-120.40625	36.04	36.04
663	41.78125	-120.46875	36.04	36.04
730	41.84375	-120.21875	36.01	21.72
731	41.84375	-120.28125	36.01	36.01
732	41.84375	-120.34375	36.01	36.01
733	41.84375	-120.40625	36.01	36.01
734	41.84375	-120.46875	36.01	36.01
798	41.90625	-120.21875	35.97	1.91
799	41.90625	-120.28125	35.97	35.5
800	41.90625	-120.34375	35.97	35.97
801	41.90625	-120.40625	35.97	35.97
802	41.90625	-120.46875	35.97	35.97
803	41.90625	-120.53125	35.97	35.1
804	41.90625	-120.59375	35.97	2.37
863	41.96875	-120.15625	35.94	0.65
864	41.96875	-120.21875	35.94	25.91
865	41.96875	-120.28125	35.94	35.94
866	41.96875	-120.34375	35.94	35.94
867	41.96875	-120.40625	35.94	35.94
868	41.96875	-120.46875	35.94	35.94
869	41.96875	-120.53125	35.94	35.94
870	41.96875	-120.59375	35.94	21.91
871	41.96875	-120.65625	35.94	10.59
872	41.96875	-120.71875	35.94	2.92
927	42.03125	-120.21875	35.90	4.78
928	42.03125	-120.28125	35.90	35.31
929	42.03125	-120.34375	35.90	35.9
930	42.03125	-120.40625	35.90	35.9
931	42.03125	-120.46875	35.90	35.9
932	42.03125	-120.53125	35.90	35.9
933	42.03125	-120.59375	35.90	35.9
934	42.03125	-120.65625	35.90	35.9
935	42.03125	-120.78125	35.90	3.26
936	42.03125	-120.84375	35.91	6.39
937	42.03125	-120.90625	35.91	1.99
1516	40.71875	-121.84375	36.64369964600	36.6436727907
1517	40.71875	-121.90625	36.64519882202	36.6451810196
1518	40.71875	-121.96875	36.64670181274	36.64670181274
1519	40.71875	-122.03125	36.64830017090	36.6483001709
2295	40.53125	-121.90625	36.74670028687	36.74670028687
2296	40.53125	-121.96875	36.74829864502	36.48253537312
2297	40.53125	-122.03125	36.74990081787	29.9599426495
2298	40.53125	-122.09375	36.75159835815	24.67371889708
2299	40.53125	-122.15625	36.75329971313	10.1419162843
2361	40.59375	-121.71875	36.70849990845	36.70849990845
2362	40.59375	-121.78125	36.70989990234	36.70989990234
2363	40.59375	-121.84375	36.71139907837	36.71139907837
2364	40.59375	-121.90625	36.71289825439	36.71289825439
2365	40.59375	-121.96875	36.71450042725	36.7144986929
2366	40.59375	-122.03125	36.71609878540	36.7160987854
2367	40.59375	-122.09375	36.71780014038	36.7177850109
2368	40.59375	-122.15625	36.71950149536	36.6944884197
2369	40.59375	-122.21875	36.72129821777	15.6992952445
2431	40.65625	-121.78125	36.67610168457	36.67610168457
2432	40.65625	-121.84375	36.67760086060	36.6775657141
2433	40.65625	-121.90625	36.67910003662	36.6790780139
2434	40.65625	-121.96875	36.68059921265	36.68059921265
2435	40.65625	-122.03125	36.68230056763	36.6822549741
2436	40.65625	-122.09375	36.68389892578	36.68389892578
2437	40.65625	-122.15625	36.68560028076	36.68560028076
2438	40.65625	-122.21875	36.68740081787	25.6787644111
2005	40.28125	-121.59375	36.87429809570	1.66778999068
2075	40.34375	-121.53125	36.83950042725	8.96355534032
2076	40.34375	-121.59375	36.84069824219	33.4329742829
2077	40.34375	-121.65625	36.84209823608	25.7272394743
2078	40.34375	-121.71875	36.84339904785	17.4196539702
2079	40.34375	-121.78125	36.84489822388	13.3830657676
2080	40.34375	-121.84375	36.84640121460	16.6681096658
2081	40.34375	-121.90625	36.84790039062	19.0571795972
2082	40.34375	-121.96875	36.84949874878	9.68944758906
2083	40.34375	-122.03125	36.85110092163	0.55406293134
2147	40.40625	-121.53125	36.80580139160	14.6813818245
2148	40.40625	-121.59375	36.80709838867	36.8070823392
2149	40.40625	-121.65625	36.80839920044	36.80839920044
2150	40.40625	-121.71875	36.80979919434	36.8097853858
2151	40.40625	-121.78125	36.81119918823	36.81119918823
2152	40.40625	-121.84375	36.81269836426	36.8126909428
2153	40.40625	-121.90625	36.81420135498	36.81420135498
2154	40.40625	-121.96875	36.81579971313	36.81579971313
2155	40.40625	-122.03125	36.81740188599	32.9707214793
2156	40.40625	-122.09375	36.81909942627	21.5537304983
2157	40.40625	-122.15625	36.82089996338	3.20671470129
2220	40.46875	-121.59375	36.77339935303	36.7733832351
2221	40.46875	-121.65625	36.77470016479	36.77470016479
2222	40.46875	-121.71875	36.77610015869	36.7760785529
2223	40.46875	-121.78125	36.77750015259	36.77750015259
2224	40.46875	-121.84375	36.77899932861	35.95448035347
2225	40.46875	-121.90625	36.78049850464	30.001576337449997
2226	40.46875	-121.96875	36.78210067749	20.06396104913
2227	40.46875	-122.03125	36.78369903564	1.96164034373
2291	40.53125	-121.65625	36.74100112915	36.7409576698
2292	40.53125	-121.71875	36.74229812622	36.74229812622
2293	40.53125	-121.78125	36.74369812012	36.74369812012
2294	40.53125	-121.84375	36.74520111084	35.083609841379996
2305	40.53125	-122.53125	36.76470184326	23.6139560699
2306	40.53125	-122.59375	36.76679992676	34.3888809013
2374	40.59375	-122.53125	36.73089981079	28.78397696538
2375	40.59375	-122.59375	36.73300170898	36.73295975485
1528	40.71875	-122.59375	36.66510009766	36.6650986848
1529	40.71875	-122.65625	36.66719818115	36.66719818115
1530	40.71875	-122.71875	36.66939926147	17.9657954389
1531	40.71875	-122.78125	36.67160034180	0.0619743047
1598	40.78125	-122.59375	36.63109970093	36.63109970093
1599	40.78125	-122.65625	36.63320159912	26.1990306334
1600	40.78125	-122.71875	36.63539886475	1.50703316782
1666	40.84375	-122.59375	36.59709930420	36.5970600369
1667	40.84375	-122.65625	36.59920120239	12.8900531528
1734	40.90625	-122.59375	36.56299972534	26.9314635722
1735	40.90625	-122.65625	36.56510162354	0.0374177185
1800	40.96875	-122.59375	36.52880096436	17.2408085705
2376	40.59375	-122.65625	36.73509979248	36.735084448100004
2377	40.59375	-122.71875	36.73730087280	12.125555290480001
2443	40.65625	-122.53125	36.69699859619	19.6178218019
2444	40.65625	-122.59375	36.69910049438	36.699051592
2445	40.65625	-122.65625	36.70119857788	36.701170136
2446	40.65625	-122.71875	36.70330047607	27.1108436739
2447	40.65625	-122.78125	36.70560073853	0.03543398233
2023	40.28125	-122.71875	36.90620040894	36.90619700484
2026	40.28125	-122.90625	36.91310119629	36.91310119629
2027	40.28125	-122.96875	36.91550064087	36.7691251371
2028	40.28125	-123.03125	36.91799926758	28.6787315685
2029	40.28125	-123.09375	36.92050170898	1.03483606811
2090	40.34375	-122.46875	36.86399841309	8.59399237981
2091	40.34375	-122.53125	36.86610031128	8.0314204652
2092	40.34375	-122.59375	36.86809921265	21.93851335135
2093	40.34375	-122.65625	36.87030029297	36.786162356530006
2094	40.34375	-122.71875	36.87250137329	36.87249848311
2095	40.34375	-122.78125	36.87469863892	36.87469863892
2096	40.34375	-122.84375	36.87710189819	36.8770523
2097	40.34375	-122.90625	36.87939834595	36.87939834595
2098	40.34375	-122.96875	36.88180160522	36.88180160522
2099	40.34375	-123.03125	36.88430023193	29.5274476069
2100	40.34375	-123.09375	36.88679885864	0.77722818875
2162	40.40625	-122.46875	36.83029937744	5.87872535536
2163	40.40625	-122.53125	36.83229827881	35.7203169941
2164	40.40625	-122.59375	36.83440017700	36.834400177
2165	40.40625	-122.65625	36.83660125732	36.8365619019
2166	40.40625	-122.71875	36.83879852295	36.83875594
2167	40.40625	-122.78125	36.84099960327	36.84099960327
2168	40.40625	-122.84375	36.84329986572	36.843296529
2169	40.40625	-122.90625	36.84560012817	36.8318318191
2170	40.40625	-122.96875	36.84799957275	27.3211774288
2171	40.40625	-123.03125	36.85049819946	2.22959283066
2235	40.46875	-122.53125	36.79859924316	12.8536628075
2236	40.46875	-122.59375	36.80059814453	36.0772062388
2237	40.46875	-122.65625	36.80279922485	36.8027799419
2238	40.46875	-122.71875	36.80500030518	36.8049681693
2239	40.46875	-122.78125	36.80720138550	36.8072013855
2240	40.46875	-122.84375	36.80950164795	32.495454614
2241	40.46875	-122.90625	36.81179809570	9.85383382595
2307	40.53125	-122.65625	36.76900100708	36.7689548204
2308	40.53125	-122.71875	36.77109909058	36.2001220199
2309	40.53125	-122.78125	36.77339935303	21.1722035418
2310	40.53125	-122.84375	36.77569961548	2.61867558718
2867	40.15625	-122.96875	36.98279953003	24.877785285279998
2938	40.21875	-122.90625	36.94680023193	36.9467966208
2939	40.21875	-122.96875	36.94919967651	23.34120250584
2018	40.28125	-122.40625	36.89569854736	0.07417436877
2019	40.28125	-122.46875	36.89770126343	31.5588397384
2020	40.28125	-122.53125	36.89970016479	30.6959302655
2021	40.28125	-122.59375	36.90179824829	33.6560134859
2022	40.28125	-122.65625	36.90399932861	36.9039903792
2024	40.28125	-122.78125	36.90850067139	36.9084545559
2025	40.28125	-122.84375	36.91080093384	36.9107630125
2089	40.34375	-122.40625	36.86199951172	0.11961009245
2725	40.03125	-122.71875	37.04050064087	0.00456879848
2726	40.03125	-122.78125	37.04280090332	7.22914487568
2727	40.03125	-122.84375	37.04520034790	14.5573258032
2728	40.03125	-122.90625	37.04750061035	11.7487783691
2729	40.03125	-122.96875	37.04999923706	1.72735981594
2793	40.09375	-122.65625	37.00479888916	5.75361137118
2794	40.09375	-122.71875	37.00699996948	29.3659505183
2795	40.09375	-122.78125	37.00930023193	37.006278932
2796	40.09375	-122.84375	37.01160049438	37.01160049438
2797	40.09375	-122.90625	37.01399993896	37.01399993896
2798	40.09375	-122.96875	37.01639938354	17.0968692296
2860	40.15625	-122.53125	36.96699905396	5.07548705731
2861	40.15625	-122.59375	36.96910095215	25.5420329119
2862	40.15625	-122.65625	36.97119903564	35.8485469867
2863	40.15625	-122.71875	36.97349929810	36.97345946
2864	40.15625	-122.78125	36.97570037842	36.97570037842
2865	40.15625	-122.84375	36.97809982300	36.9780508187
2866	40.15625	-122.90625	36.98040008545	36.98040008545
2931	40.21875	-122.46875	36.93130111694	10.2617947833
2932	40.21875	-122.53125	36.93339920044	34.0755747436
2933	40.21875	-122.59375	36.93550109863	36.9354767976
2934	40.21875	-122.65625	36.93759918213	36.93759918213
2935	40.21875	-122.71875	36.93980026245	36.93980026245
2936	40.21875	-122.78125	36.94210052490	36.9421005249
2937	40.21875	-122.84375	36.94440078735	36.94440078735
