4412	37.84375	-120.46875	38.13309860229	11.57957766790
4413	37.84375	-120.53125	38.13359832764	16.38746849120
4414	37.84375	-120.59375	38.13410186768	0.81859452844
4475	37.90625	-120.46875	38.10129928589	14.12926762270
4476	37.90625	-120.53125	38.10179901123	37.82670950000
4477	37.90625	-120.59375	38.10229873657	31.63786804030
4478	37.90625	-120.65625	38.10279846191	1.33404404045
4543	37.96875	-120.53125	38.06990051270	10.53696036500
4544	37.96875	-120.59375	38.07040023804	34.79645336870
4545	37.96875	-120.65625	38.07099914551	18.71129393110
4610	38.03125	-120.59375	38.03850173950	5.29684382921
4611	38.03125	-120.65625	38.03910064697	10.36515129270
