2023	40.28125	-122.71875	36.90620040894	0.22032548354
2026	40.28125	-122.90625	36.91310119629	31.84731337520
2027	40.28125	-122.96875	36.91550064087	36.76912513710
2028	40.28125	-123.03125	36.91799926758	28.67873156850
2029	40.28125	-123.09375	36.92050170898	1.03483606811
2090	40.34375	-122.46875	36.86399841309	2.11847574389
2091	40.34375	-122.53125	36.86610031128	8.03142046520
2092	40.34375	-122.59375	36.86809921265	21.93810615230
2093	40.34375	-122.65625	36.87030029297	33.82585176820
2094	40.34375	-122.71875	36.87250137329	35.94714182220
2095	40.34375	-122.78125	36.87469863892	32.20718270790
2096	40.34375	-122.84375	36.87710189819	27.56193238610
2097	40.34375	-122.90625	36.87939834595	35.70198302520
2098	40.34375	-122.96875	36.88180160522	36.88181120330
2099	40.34375	-123.03125	36.88430023193	29.52744760690
2100	40.34375	-123.09375	36.88679885864	0.77722818875
2162	40.40625	-122.46875	36.83029937744	5.87872535536
2163	40.40625	-122.53125	36.83229827881	35.72031699410
2164	40.40625	-122.59375	36.83440017700	36.83441890450
2165	40.40625	-122.65625	36.83660125732	36.83656190190
2166	40.40625	-122.71875	36.83879852295	36.83875594000
2167	40.40625	-122.78125	36.84099960327	36.84100040280
2168	40.40625	-122.84375	36.84329986572	36.84329652900
2169	40.40625	-122.90625	36.84560012817	36.83183181910
2170	40.40625	-122.96875	36.84799957275	27.32117742880
2171	40.40625	-123.03125	36.85049819946	2.22959283066
2235	40.46875	-122.53125	36.79859924316	12.85366280750
2236	40.46875	-122.59375	36.80059814453	36.07720623880
2237	40.46875	-122.65625	36.80279922485	36.80277994190
2238	40.46875	-122.71875	36.80500030518	36.80496816930
2239	40.46875	-122.78125	36.80720138550	36.80720675290
2240	40.46875	-122.84375	36.80950164795	32.49545461400
2241	40.46875	-122.90625	36.81179809570	9.85383382595
2306	40.53125	-122.59375	36.76679992676	15.52946060520
2307	40.53125	-122.65625	36.76900100708	36.76895482040
2308	40.53125	-122.71875	36.77109909058	36.20012201990
2309	40.53125	-122.78125	36.77339935303	21.17220354180
2310	40.53125	-122.84375	36.77569961548	2.61867558718
2375	40.59375	-122.59375	36.73300170898	0.45822157485
2376	40.59375	-122.65625	36.73509979248	11.02007326810
2377	40.59375	-122.71875	36.73730087280	4.92066509485
2867	40.15625	-122.96875	36.98279953003	0.46630397108
2938	40.21875	-122.90625	36.94680023193	13.51677477570
2939	40.21875	-122.96875	36.94919967651	23.28378776500
